             1   2   3   4   5   6   7   8   9  10
1  »¯§Ó©ú   97  38  72  50  72  41  53  96  62  27
2  ¿ú«T³Ç   58  31  36  35  33  24  53  49  88  92
3  ®]«Ø§»   63  81  96  78  71  85  96  87  87  72
4  §õ«T§»   80  85  93  94  90  90  84  64  98  82
5  ©P²Qªâ   80  56  86  70  89  49 100  92  84  91
6  §d²Q´f   98  46  35  39  38  98  37  88  24  93
7  ¾G¬ü¬Â   76  93  64  78  80  78  92  61  54  54
8  ¤ý¶®´@   93  91  82  53  85  86  72  77  24  22
9  ¼B¬ü´f   22  67  51  92  83  71  97  57  65  21
10 ³¯ÄRµØ   43  50  74  89  84  64  49  87  82  46
11 ¨L²Q®S   76  75  67  20  80  84  50  87  48  51
12 ¦¿©É§g   72  77  41  84  85  92  84  71  86  86
