               石門   霞雲   高義   巴陵   嘎拉賀 玉峰   白石  鎮西堡 西丘斯山 池端
<徐昇式法權重>  4.32  17.03   9.29   7.31  10.02   9.34  11.52  12.74  14.46   3.97  
2015-09-28 01    9      6      5      3      3      2      2      1      1      2 
2015-09-28 02    8      7      6      3      4      2      3      2      2      5 
2015-09-28 03    9      6      5      5      5      4      3      3      3      8 
2015-09-28 04   12      7      6      6      4      3      5      4      4      5 
2015-09-28 05    6      5      4      7      4      5      6      2      0      3 
2015-09-28 06    3      3      9      6      8      4      4      7      1      2 
2015-09-28 07    6      4      4     13     12      4      5      5      5     12 
2015-09-28 08    1      4     16     20     18     15     14     18      9     14 
2015-09-28 09    4      6     22     27     24     21     24     28     17     17 
2015-09-28 10    8     11     27     36     16     26     28     20      7      4 
2015-09-28 11    4      8     38     28     10     44     35     13      5      7 
2015-09-28 12    9     10     21     21     24     21     26     21      9     12 
2015-09-28 13   12      3     10     16     26     10     16     27     25     24 
2015-09-28 14    4      7     25     28     29     15     12     24     50     35 
2015-09-28 15   14     19     31     41     38     24     21     49     45     36 
2015-09-28 16   13     12     24     45     33     17     22     43     21     17 
2015-09-28 17   16     29     58     37     23     39     33     34     38     39 
2015-09-28 18   26     36     48     47     36     35     31     34     46     55 
2015-09-28 19   43     59     41     39     16     22     25     16     25     22 
2015-09-28 20   11     19     16     21      8      4     14      9     29     35 
2015-09-28 21    3     11     21     15      5      2      4      8     23     21 
2015-09-28 22    6     24     14     15      7      4     10     10     30     16 
2015-09-28 23    1     12      4      5     12      6     10     11     25      8 
2015-09-28 24    1      6      2      4     12      9      3      5     11      6 
